10 numbers in almost sorted order
1 3 2 6 5 4 7 9 8 10 -999
10 numbers in random order
51 80 88 8 22 29 52 6 83 28 -999
10 numbers in reverse order
10 9 8 7 6 5 4 3 2 1 -999
50 numbers in almost sorted order
2 1 4 3 5 6 7 13 9 10 11 12 8 14 15 16 17 18 22 20 19 21 23 24 33 26 27 28 29 30 31 32 25 34 35 39 37 36 38 50 41 42 43 44 45 46 47 48 49 40 -999
50 numbers in random order
59 78 93 6 24 68 28 67 29 18 16 4 23 80 30 17 9 35 82 32 85 49 72 74 3 62 66 42 67 29 48 80 29 64 16 91 88 66 97 88 24 61 64 71 9 47 62 43 28 49 -999
50 numbers in reverse order
50 49 48 47 46 45 44 43 42 41 40 39 38 37 36 35 34 33 32 31 30 29 28 27 26 25 24 23 22 21 20 19 18 17 16 15 14 13 12 11 10 9 8 7 6 5 4 3 2 1 -999
100 numbers in almost sorted order
1 2 3 4 5 6 7 8 9 17 11 12 13 14 20 16 10 18 19 15 21 22 23 24 29 26 27 28 25 30 31 32 34 33 35 36 37 38 39 41 40 42 43 44 45 46 47 48 49 50 51 52 53 54 55 56 57 58 59 60 61 67 63 64 65 66 62 68 74 70 71 72 73 69 75 76 77 78 80 79 81 82 83 84 85 86 87 88 89 97 91 92 93 94 95 96 90 98 99 100 -999
100 numbers in random order
55 14 74 1 79 46 73 58 0 5 24 48 91 15 91 60 15 79 35 71 14 56 64 45 54 85 76 61 38 16 17 94 53 67 2 24 59 97 98 51 20 25 3 90 6 42 95 20 3 27 98 92 36 42 7 58 36 63 56 65 66 46 9 10 19 82 92 71 12 66 5 94 19 75 93 57 40 36 9 98 47 22 1 43 37 84 90 59 41 49 74 61 78 29 70 3 19 83 62 24 -999
100 numbers in reverse order
100 99 98 97 96 95 94 93 92 91 90 89 88 87 86 85 84 83 82 81 80 79 78 77 76 75 74 73 72 71 70 69 68 67 66 65 64 63 62 61 60 59 58 57 56 55 54 53 52 51 50 49 48 47 46 45 44 43 42 41 40 39 38 37 36 35 34 33 32 31 30 29 28 27 26 25 24 23 22 21 20 19 18 17 16 15 14 13 12 11 10 9 8 7 6 5 4 3 2 1 -999